3 
1024 
4096 
0.260381 
0.001044 
0.311382 
0.299095 
4 
1024 
4096 
0.260272 
0.001129 
0.390062 
0.394968 
5 
1024 
4096 
0.264322 
0.001384 
0.391686 
0.491882 
6 
1024 
4096 
0.263063 
0.001644 
0.390629 
0.589834 
3 
1024 
4096 
0.083734 
0.003372 
0.313372 
0.299064 
4 
1024 
4096 
0.086824 
0.005250 
0.311840 
0.394438 
5 
1024 
4096 
0.089100 
0.007090 
0.312734 
0.499043 
6 
1024 
4096 
0.089610 
0.009606 
0.312663 
0.591844 
3 
1024 
4096 
0.179524 
0.003528 
0.869806 
0.584501 
4 
1024 
4096 
0.301109 
0.006036 
1.717266 
1.194127 
5 
1024 
4096 
0.448016 
0.008145 
2.702938 
1.904535 
6 
1024 
4096 
0.537884 
0.010985 
3.982679 
2.866680 
