1024 
1 
0.000048 
0.000027 
0.321025 
0.195513 
1024 
0.008051 
0.000114 
0.326040 
0.203593 
4096 
0.030308 
0.000505 
0.310598 
0.197055 
16384 
0.130466 
0.001693 
0.311037 
0.203404 
65536 
0.558944 
0.006109 
0.310326 
0.224135 
2 
1024 
1 
0.002540 
0.000153 
6.653350 
4.094725 
1024 
0.220673 
0.014908 
6.650388 
4.147049 
4096 
0.868636 
0.050196 
6.629117 
4.090127 
16384 
3.417927 
0.198282 
6.622482 
4.117434 
65536 
15.701138 
0.906582 
6.885261 
4.227359 
2 
1024 
1 
0.000041 
0.000242 
0.329682 
0.196159 
1024 
0.020772 
0.000682 
0.334118 
0.197770 
4096 
0.073929 
0.002014 
0.314906 
0.197237 
16384 
0.495380 
0.007143 
0.313785 
0.203045 
65536 
1.862414 
0.030324 
0.316140 
0.221329 
